         400
   2.99999993E-02
  -6.00000000    
  0.607588E-08
  0.727089E-08
  0.869308E-08
  0.103841E-07
  0.123929E-07
  0.147771E-07
  0.176040E-07
  0.209529E-07
  0.249164E-07
  0.296030E-07
  0.351396E-07
  0.416740E-07
  0.493791E-07
  0.584561E-07
  0.691396E-07
  0.817018E-07
  0.964599E-07
  0.113781E-06
  0.134092E-06
  0.157887E-06
  0.185736E-06
  0.218302E-06
  0.256345E-06
  0.300749E-06
  0.352527E-06
  0.412847E-06
  0.483053E-06
  0.564690E-06
  0.659530E-06
  0.769605E-06
  0.897244E-06
  0.104511E-05
  0.121625E-05
  0.141414E-05
  0.164275E-05
  0.190660E-05
  0.221084E-05
  0.256132E-05
  0.296469E-05
  0.342850E-05
  0.396130E-05
  0.457278E-05
  0.527391E-05
  0.607706E-05
  0.699622E-05
  0.804718E-05
  0.924768E-05
  0.106177E-04
  0.121797E-04
  0.139589E-04
  0.159837E-04
  0.182857E-04
  0.209005E-04
  0.238676E-04
  0.272314E-04
  0.310414E-04
  0.353526E-04
  0.402263E-04
  0.457307E-04
  0.519417E-04
  0.589431E-04
  0.668280E-04
  0.756996E-04
  0.856716E-04
  0.968703E-04
  0.109434E-03
  0.123516E-03
  0.139285E-03
  0.156926E-03
  0.176641E-03
  0.198655E-03
  0.223212E-03
  0.250578E-03
  0.281047E-03
  0.314937E-03
  0.352596E-03
  0.394403E-03
  0.440769E-03
  0.492144E-03
  0.549013E-03
  0.611902E-03
  0.681381E-03
  0.758067E-03
  0.842625E-03
  0.935772E-03
  0.103828E-02
  0.115098E-02
  0.127477E-02
  0.141060E-02
  0.155950E-02
  0.172257E-02
  0.190097E-02
  0.209597E-02
  0.230889E-02
  0.254115E-02
  0.279426E-02
  0.306981E-02
  0.336951E-02
  0.369513E-02
  0.404858E-02
  0.443185E-02
  0.484703E-02
  0.529634E-02
  0.578210E-02
  0.630673E-02
  0.687276E-02
  0.748287E-02
  0.813981E-02
  0.884645E-02
  0.960580E-02
  0.104209E-01
  0.112951E-01
  0.122315E-01
  0.132337E-01
  0.143051E-01
  0.154493E-01
  0.166701E-01
  0.179711E-01
  0.193563E-01
  0.208294E-01
  0.223945E-01
  0.240556E-01
  0.258166E-01
  0.276815E-01
  0.296546E-01
  0.317396E-01
  0.339408E-01
  0.362619E-01
  0.387068E-01
  0.412795E-01
  0.439836E-01
  0.468226E-01
  0.498001E-01
  0.529192E-01
  0.561831E-01
  0.595947E-01
  0.631566E-01
  0.668711E-01
  0.707404E-01
  0.747663E-01
  0.789501E-01
  0.832932E-01
  0.877960E-01
  0.924591E-01
  0.972822E-01
  0.102265    
  0.107406    
  0.112704    
  0.118157    
  0.123763    
  0.129518    
  0.135418    
  0.141460    
  0.147638    
  0.153948    
  0.160383    
  0.166937    
  0.173602    
  0.180371    
  0.187235    
  0.194186    
  0.201214    
  0.208308    
  0.215458    
  0.222653    
  0.229882    
  0.237132    
  0.244390    
  0.251644    
  0.258880    
  0.266085    
  0.273244    
  0.280344    
  0.287369    
  0.294305    
  0.301137    
  0.307851    
  0.314432    
  0.320864    
  0.327133    
  0.333225    
  0.339124    
  0.344818    
  0.350292    
  0.355532    
  0.360527    
  0.365263    
  0.369728    
  0.373911    
  0.377801    
  0.381388    
  0.384663    
  0.387617    
  0.390242    
  0.392531    
  0.394479    
  0.396080    
  0.397330    
  0.398225    
  0.398763    
  0.398942    
  0.398763    
  0.398225    
  0.397330    
  0.396080    
  0.394479    
  0.392531    
  0.390242    
  0.387617    
  0.384663    
  0.381388    
  0.377801    
  0.373911    
  0.369728    
  0.365263    
  0.360527    
  0.355532    
  0.350292    
  0.344818    
  0.339124    
  0.333225    
  0.327133    
  0.320864    
  0.314432    
  0.307851    
  0.301137    
  0.294305    
  0.287369    
  0.280344    
  0.273244    
  0.266085    
  0.258881    
  0.251644    
  0.244390    
  0.237132    
  0.229882    
  0.222653    
  0.215458    
  0.208308    
  0.201214    
  0.194186    
  0.187235    
  0.180371    
  0.173602    
  0.166937    
  0.160383    
  0.153948    
  0.147639    
  0.141460    
  0.135418    
  0.129518    
  0.123763    
  0.118157    
  0.112704    
  0.107406    
  0.102265    
  0.972823E-01
  0.924591E-01
  0.877961E-01
  0.832932E-01
  0.789502E-01
  0.747663E-01
  0.707404E-01
  0.668711E-01
  0.631566E-01
  0.595947E-01
  0.561831E-01
  0.529192E-01
  0.498001E-01
  0.468227E-01
  0.439836E-01
  0.412795E-01
  0.387069E-01
  0.362619E-01
  0.339407E-01
  0.317396E-01
  0.296546E-01
  0.276816E-01
  0.258166E-01
  0.240556E-01
  0.223945E-01
  0.208295E-01
  0.193563E-01
  0.179711E-01
  0.166701E-01
  0.154493E-01
  0.143051E-01
  0.132337E-01
  0.122315E-01
  0.112951E-01
  0.104209E-01
  0.960581E-02
  0.884645E-02
  0.813981E-02
  0.748288E-02
  0.687278E-02
  0.630673E-02
  0.578210E-02
  0.529635E-02
  0.484703E-02
  0.443185E-02
  0.404858E-02
  0.369514E-02
  0.336951E-02
  0.306981E-02
  0.279426E-02
  0.254115E-02
  0.230889E-02
  0.209597E-02
  0.190098E-02
  0.172257E-02
  0.155950E-02
  0.141060E-02
  0.127477E-02
  0.115098E-02
  0.103828E-02
  0.935774E-03
  0.842624E-03
  0.758067E-03
  0.681382E-03
  0.611903E-03
  0.549013E-03
  0.492145E-03
  0.440770E-03
  0.394403E-03
  0.352596E-03
  0.314937E-03
  0.281048E-03
  0.250578E-03
  0.223212E-03
  0.198656E-03
  0.176642E-03
  0.156926E-03
  0.139285E-03
  0.123516E-03
  0.109434E-03
  0.968703E-04
  0.856718E-04
  0.756997E-04
  0.668280E-04
  0.589431E-04
  0.519418E-04
  0.457307E-04
  0.402263E-04
  0.353526E-04
  0.310415E-04
  0.272314E-04
  0.238676E-04
  0.209005E-04
  0.182858E-04
  0.159837E-04
  0.139590E-04
  0.121797E-04
  0.106177E-04
  0.924768E-05
  0.804720E-05
  0.699626E-05
  0.607706E-05
  0.527391E-05
  0.457279E-05
  0.396130E-05
  0.342850E-05
  0.296469E-05
  0.256133E-05
  0.221084E-05
  0.190660E-05
  0.164275E-05
  0.141414E-05
  0.121625E-05
  0.104511E-05
  0.897246E-06
  0.769605E-06
  0.659530E-06
  0.564691E-06
  0.483055E-06
  0.412847E-06
  0.352528E-06
  0.300750E-06
  0.256345E-06
  0.218302E-06
  0.185737E-06
  0.157887E-06
  0.134092E-06
  0.113781E-06
  0.964602E-07
  0.817018E-07
  0.691396E-07
  0.584563E-07
  0.493793E-07
  0.416740E-07
  0.351396E-07
  0.296031E-07
  0.249165E-07
  0.209529E-07
  0.176041E-07
  0.147771E-07
  0.123929E-07
  0.103841E-07
  0.869310E-08
  0.727091E-08
  0.607588E-08
  0.507273E-08
  0.423139E-08
